Route #1: 629 555 901 756 331 973 448 977 669 749 233 225 126 383 787 46 496 521 996 691 877 512 401 185 556 212 990 221
Route #2: 316 428 813 566 580 117 971 405 995 576 388 869 777 268 131 20 173 551 989 726
Route #3: 645 454 999 50 296 32 6 91 895 795 286 667 161 886 393 682 83 721 544 654 404 965 525 395 564 451 797 785
Route #4: 826 934 725 941 398 199 315 948 109 887 519 841 57 339 73 478 675 796 936 37 270 695 63
Route #5: 157 112 627 154 102 174 250 716 559 679 963 292 497 615 911 258 226 371 856 475 928 160 135 427
Route #6: 92 240 868 531 390 175 441 61 673 613 165 14 623 278 834 304 1 854 195 696 481 474 446 760 16
Route #7: 95 912 415 503 687 743 314 30 504 700 426 252 527 612 891 106 281 986 4 276 791 184 666 97 466 435 769 543 636
Route #8: 764 810 189 178 224 715 848 162 584 235 271 336 631 878 319 326 530 389 370 152 885 548 647
Route #9: 148 614 360 366 653 758 254 862 267 241 589 403 125 665 832 373 363 644 686 465 516 429 737 913
Route #10: 916 914 122 983 513 458 741 69 985 272 563 890 860 646 78 333 482 704 327 273 247 659 171 261
Route #11: 778 843 855 493 677 419 288 329 34 776 714 979 649 324 111 909 317 217 311 138 831 229 535 328
Route #12: 142 918 340 906 733 933 889 747 183 506 830 99 744 488 318 793 462 5 606 592 959 774 431
Route #13: 39 633 227 617 358 439 144 545 671 459 811 762 49 693 709 585 172 554 953 411 68 805 86 707 492
Route #14: 775 722 945 874 639 510 552 678 332 382 349 827 621 699 472 399 176 163 597 196 534 468 605 688 357 409
Route #15: 56 26 77 19 381 420 449 470 477 835 546 423 410 539 529 641 674 896 657 838 970
Route #16: 547 655 850 71 974 582 581 859 962 256 879 418 593 82 731 443 188 397 727 262 752 52
Route #17: 817 374 929 202 904 259 821 574 263 526 790 285 626 72 939 310 923 981 866 586 882 60 456 330 243 62 168
Route #18: 788 635 872 347 661 846 215 713 445 982 932 880 676 376 624 7 190 642 518 899 42 753
Route #19: 792 337 23 799 209 38 603 718 692 991 910 893 136 450 90 1000 312 200 108 802 104 48
Route #20: 814 888 54 779 216 520 599 729 598 239 348 829 127 137 951 166 193 763 323 618 169 380 249 730 833
Route #21: 220 27 416 740 595 837 436 129 594 412 228 968 33 558 572 732 568 947 437 994 523 222 630 364 765 455 464
Route #22: 295 67 147 536 368 170 36 997 610 338 967 275 849 961 550 121 387 920 940 602 569 685 130 204 754
Route #23: 643 143 88 58 85 367 413 786 622 149 394 495 422 701 238 759 800 652 93 167
Route #24: 8 632 21 919 207 274 453 683 690 307 479 954 894 120 562 325 549 107 98 469 369
Route #25: 377 180 567 253 365 950 628 257 711 926 208 651 883 823 35 191 976 851 2 442 781
Route #26: 505 540 958 187 237 816 151 935 900 611 844 804 702 15 361 524 921 822 766
Route #27: 206 140 842 313 218 192 943 269 782 573 309 824 864 807 750 486 553 124 461 620 897 734 870
Route #28: 150 956 803 24 10 164 863 771 134 84 352 757 498 303 463 490 867 784 694 607 806
Route #29: 433 294 884 103 265 663 708 596 984 502 578 509 31 808 89 279 728 22 94 634 9
Route #30: 146 487 619 818 64 809 845 992 815 957 139 489 29 998 542 905 571 915 110 557
Route #31: 440 739 927 460 703 219 745 379 400 299 712 517 471 761 670 672 853 668 625 43 892 378 277
Route #32: 159 575 308 924 87 577 511 772 3 113 66 798 76 79 17 47 987 591 362 780 881
Route #33: 355 944 561 297 133 283 452 616 717 425 128 302 500 917 432 75 608 746 922 609 684 182 156 100 155 751 255 153 384
Route #34: 658 408 664 335 662 768 873 532 978 12 507 537 115 483 789 372 955 179 736 457 903
Route #35: 236 300 321 723 565 214 735 301 660 80 650 132 231 865 320 988 354 515 876 748
Route #36: 105 560 421 689 287 385 158 344 351 975 820 828 476 579 705 946 70 205 223 473 341 40 858 902 587 770 11 342 334 697 773
Route #37: 857 375 51 244 264 847 541 181 359 447 291 391 210 514 118 434 430 960 232 966 116
Route #38: 501 972 588 41 406 346 402 197 840 211 494 280 640 101 194 952 583 719 322 825 491
Route #39: 386 81 53 949 114 706 396 213 738 907 251 681 65 353 438 305 480 925 246 392 898 861 871 508 201
Route #40: 801 234 836 44 852 343 198 875 177 28 407 767 245 298 293 289 533 570 600 931 794 345 485 819
Route #41: 538 141 96 942 186 417 969 724 980 812 45 604 356 266 248 306 290 467 59 242 938
Route #42: 937 25 993 123 414 637 590 720 648 499 528 638 284 282 74 710 839 680
Route #43: 698 18 260 230 55 742 145 119 964 755 484 444 424 783 203 656 522 13 908 601 350 930
Cost: 78875
