Route #1: 123 868 633 176 253 144 331 401 301 979 537 792 414 354 911 128 225 51 350 994
Route #2: 84 231 83 82 44 286 802 468 496 724 935 91
Route #3: 3
Route #4: 29
Route #5: 166 773 895 805 660 158 202 31 280 690 640 591 620 169 316 586 548 289 16 87
Route #6: 670 657 854 619 578 822 971 1 24 61 71 98 105 108 122
Route #7: 353 300 635 707 774 814 828 858 841 972 4 644 17 25 38 39 75 97 124
Route #8: 450 441 550 429 533 680 740 755 837 917 939 969 993 28 45 46 79 99 110 120 143
Route #9: 147
Route #10: 871 6 67 198 456 78 94 518 607 989 991 102 527 329 7 109 638 956 23
Route #11: 931 793 767 68 541 685 167 13 998 77 104 428 565 713 741 919
Route #12: 709 472 207 510 65 277 762 152 599 879 990 621 204 364 819 967
Route #13: 870 976 348 337 328 330 916 15 60 260 547 371 366 357 362 493 673 717
Route #14: 433 604 419 560 738 394 379 944 539 535 129 133 173 192 218 257 261 267
Route #15: 512 469 616 623 659 746 778 824 420 832 444 269 275 281 282
Route #16: 290 395 106 812 878 899 195 783 528 487 255 575 186 14 52 789 592 69 74
Route #17: 332
Route #18: 681 636 891 629 576 861 178 183 209 274 299 304 351 355
Route #19: 504 499 611 485 478 567 720 748 826 894 927 244 251 265 283 310 311 320 359
Route #20: 335 294 190 383 813 654 815 223 11 825 182 810 369 836 995 662 818 523 672 506
Route #21: 797 761 987 718 710 904 372 378 384 385 406 432 434 437
Route #22: 442
Route #23: 448
Route #24: 721 649 903 628 606 896 214 258 263 313 342 403 435 451
Route #25: 454
Route #26: 872 55 400 453 920 126 243 676 850 544 494 731 481 631 806 339 471
Route #27: 757 726 918 702 678 892 180 230 270 375 411 412 459 475
Route #28: 655 605 232 898 352 498 309 159 145 90 345 650 753 157 951 844
Route #29: 318 85 249 582 609 570 922 984 699 272 125 382 865 687 139 734 671 913 27 189 765 484
Route #30: 618 224 782 363 397 558 525 835 322 367 862 259 745 950 598 653 940 552
Route #31: 732 817 196 883 747 716 155 380 455 949 677 118 588 906 593 220 163 869
Route #32: 501
Route #33: 520
Route #34: 791 760 933 960 480 489 514 551
Route #35: 953 595 585 881 641 33 559 874 117 131 179 193 457
Route #36: 830 801 479 488 532 562
Route #37: 141 93 521 610 399 516 238 374 191 696 538 511 808 799 53 107 21 438 572
Route #38: 59 291 184 421 423 590 73 502 965 695 886 669 784 519
Route #39: 12 368 445 579 360 645 407 234 698 72 216 452 522 581 439 656 877 549 346 890 914
Route #40: 856 491 515 737 934 807 601 305 138 742 408 536 531 235 150 426 613 855 293 796
Route #41: 334 546 816 893 418 926 376 416 446 658 136 667 692 222 545 464
Route #42: 276 639 35 221 49 30 612 389 388 358 983 264 211 177 162 963 964
Route #43: 664
Route #44: 643 693 589 288 92 937 297 413 381 943 821 666 749 47 194 298 770 417 936 43 103
Route #45: 733 89 37 34 188 513 347 168 482 95 197 966 463 483 156 751 427
Route #46: 763 682 430 96 149 712 795 900 561 526 642 908 373 153 651 729
Route #47: 689 602 574 925 924 876 842 820 756 236 256 284 317 338 365 386 409 467 497 647 706 730
Route #48: 229 205 174 980 424 165 968 923 838 764 743 719 556 466 473 41 226 736
Route #49: 735
Route #50: 988 978 754 443 422 652 674 210 319 324 62 213 571 942
Route #51: 752
Route #52: 846 26 349 500 392 952 200 377 897 997 831 295 889 142 543 64 292 630 959 992
Route #53: 758
Route #54: 517 415 941 823 233 217 148 130 32 564 553 121 0 206 303 314 356 663 759
Route #55: 597 361 637 973 185 227 600 827 440 241 212 81 798 715 675 728 146 273
Route #56: 285 151 780 781 302 447 461 477 203 907 938 999 208 614 617 769 930
Route #57: 254 584 873 134 961 36 503 460 111 160 248 776 540 287 627
Route #58: 722 410 239 187 646 490 215 306 113 333 580 171 684 766 788
Route #59: 800
Route #60: 19 909 744 875 887 833 20 555 495 775 962 566 945 462 18 996 957 843
Route #61: 772 668 661 573 569 312 268 246 228 219 164 985 431 603 622 768 777 840
Route #62: 725 587 436 344 252 250 247 50 40 946 323 507 534 803 849
Route #63: 56 326 307 116 905 866 9 279 839 694 615 308 237 974 5 845 860
Route #64: 863
Route #65: 864
Route #66: 683 135 932 880 594 857 508 242 175 341 902 57 10 912 336 112 852 542
Route #67: 884
Route #68: 853 691 679 405 402 327 201 76 970 425 847 859 888
Route #69: 648 505 486 387 370 325 114 66 181 278 340 396 458 583 703 901
Route #70: 739 529 240 393 296 58 48 492 981 714 343 986 476 786 955
Route #71: 921
Route #72: 848 711 708 688 632 624 634 665 704 829 910 929
Route #73: 915 975 22 101 170 245 390 750
Route #74: 700 608 8 625 554 398 785 851 119 577 100 474 787 771 172 947 115 809 779 127
Route #75: 867 834 790 723 449 404 271 140 137 977 626 794 804 882 948
Route #76: 701 524 88 154 530 470 70 811 42 86 161 509 686 705 568 563 557 262 465 727 954
Route #77: 958
Route #78: 885 697 321 315 199 54 2 63 132 266 391 596 928 982
Cost: 3466
