Route #1: 4346 4284 5333 783 1774 98 3837 923 4866 2631 2462 354 5054 4639 4904 5989 5736 410 3983 819
Route #2: 4532 1760 2051 5151 1031 4702 1683 2275 4167 1367 4717 493 1442 2911 2993 5711 5365 3901
Route #3: 701 5901 2504 1826 863 5585 1866 5210 4907 4817 2826 5897 2736 1171 485 5675 1127 1600
Route #4: 38 3913 1497 3959 3934 4918 3826 5452 2175 1454 3331 3571 5254 3178 3166 3512 3666 1935
Route #5: 1287 5496 2890 5855 1594 2861 4182 1740 2249 1473 232 4344 1300 1667 2895 3163 5650
Route #6: 2791 1233 2928 3527 3678 3176 896 5245 3042 5668 3853 1652 5007 2126 3439 2012 943 5550 1007
Route #7: 3866 959 1344 8 5009 2535 2408 369 5204 5105 74 5103 754 3730 4734 1716 5867 4425
Route #8: 4462 824 696 2801 1579 2856 977 3474 1802 4476 576 3734 1983 2630 3229 3847 1581 5441 5451
Route #9: 3761 5027 3168 678 5309 2390 1009 2042 4002 5912 39 5683 1077 5841 5353 11 5749 4253 5423 4775 4788
Route #10: 4609 3183 4671 612 2322 3754 5438 4041 5794 971 3561 1580 3932 1173 622 1734 5066
Route #11: 2696 1346 874 2731 716 5291 4749 4256 3604 4407 3203 4022 1358 911 1759
Route #12: 5486 669 5157 509 3475 1004 2595 5317 3205 3515
Route #13: 1290 5787 5721 4289 66 4471 1411 528 2496 544 4902 926 3524 4212 2177
Route #14: 4578 1499 5289 3058 4404 3498 2456 4850 332 5379 1682 4400 5058 17 5885
Route #15: 2354 3382 337 4361 5763 4181 3206 1151 5657 1189 2122 4370 5605 2830 4606 4571 5136 1392
Route #16: 645 2262 172 1330 350 3062 3684 1176 1073 1357 5959 2212 4741 4765 1701 1182 861 3101 345
Route #17: 5964 3248 2222 4112 5177 2660 3326 555 2022 1152 2824 627 5395 2851 1272 4998 1586 1386 3362 5596
Route #18: 840 1453 540 2579 5537 4784 2946 1158 4139 1498 5674 166 1660 2897
Route #19: 275 168 5311 4619 3383 297 3682 695 5786 3295 5242 5551 1844 5745 828 300 4665
Route #20: 1396 5220 4038 2989 4091 825 4952 646 3422 4419 5963 104 2652 604 1211 4586 4229
Route #21: 4694 2301 1851 2234 2582 5380 5852 5206 2737 242 1016 4589 1260 1420 82 144 3155
Route #22: 3420 3419 3663 1240 1436 1268 5717 1256 631 870 3510 5669 4791 1220 3381 4526 5523
Route #23: 122 16 2560 5384 2291 946 589 3587 2190 2041 3739 4923 1085 2585
Route #24: 993 5053 972 2651 1351 2359 5862 5083 4156 2792 2170 1927 3093 4384 5086 3322 3585 5542
Route #25: 2912 323 266 5905 4429 118 1541 3654 792 5022 930 206 624 462 1138 4444 771 2822 1167
Route #26: 3916 2375 1035 319 1615 246 3791 2978 3472 4992 2137 5517 3639 1719 4086 226 1768 957 4564 1555 4692
Route #27: 3605 5589 2744 5106 5860 3143 1154 1975 3485 5618 963 603 5945 5052 4020 2512 4054 5327 1296 1846
Route #28: 5552 5965 5047 2603 4739 2380 857 4880 5877 5976 1058 3774 1250 109 5670 5453 2699 809 5376 142
Route #29: 3384 1092 2031 503 1677 1810 2939 3735 2700 5561 3461 2169 693 3281 1304 3927
Route #30: 1116 3995 1816 1857 2228 4909 3990 2578 5608 1201 2307 782 3271 3465 5045 3768 1631 2625
Route #31: 5168 2674 153 5024 4913 2298 2340 2920 2337 5707 4844 714 4657 4094 4972 3796 2534
Route #32: 1691 1400 4345 1728 1303 586 2473 5593 4756 60 349 1788 409 68 1221 360 2179 2432 5257
Route #33: 826 3648 2997 5211 2141 4973 4518 1597 5984 2211 2371 3268 4241 4159 1379 1424 2746 3731
Route #34: 1100 3447 3468 197 5247 4464 5466 4821 411 1062 1039 3079 3836 2623 2417 3259 89 3025 2132 4790
Route #35: 381 4522 1902 556 1361 4669 2419 1980 371 4466 2443 3254 4859 3582 3873 2460
Route #36: 2244 3279 969 4160 189 412 4488 3252 5619 2048 1431 5845 5180 2281 1243 1283
Route #37: 3757 4712 1280 4105 2620 5778 3693 5854 400 4140 2430 5335 3863 3495 5334 912 4819
Route #38: 1996 4497 4829 352 4322 5922 3035 4318 2569 5858 2988 1210 351 2930 456 2679 4899 5342 1641 185
Route #39: 1687 664 1979 1790 2745 5225 5769 3436 1803 2546 3267 5917 2704 1347 4696 1653 3703 3041
Route #40: 1193 494 2259 2709 3993 5490 4951 2194 1140 905 29 5100 2936 3273 2992
Route #41: 302 1897 3270 2200 3463 260 4598 5993 5660 5541 952 588 4258 3924 545 1205 1098
Route #42: 2869 5000 2395 4567 1565 884 479 5512 1585 4613 3752 3707
Route #43: 4119 5779 2974 547 2565 692 5764 663 1143 4062 2085 331 4870 747 4579 386 4703 933 3494 398
Route #44: 4780 3078 5113 2577 557 2215 617 1043 483 519 3814 1831 3366 4860 4924 2134 4180 3092 2836 5995 301
Route #45: 1384 852 367 2130 970 1766 4443 2080 5810 3672 2522 3040 1006
Route #46: 238 1795 2570 3651 4690 2293 5615 2850 584 3658 1206 471 2389 4189 2197 619 5761 2315
Route #47: 4226 5529 2086 4736 2402 1270 2017 3557 3567 1391 3743 1266 2619 1286 2154
Route #48: 2188 5863 4356 4287 1443 3403 1807 41 4508 3592 4744 4329 3946 406 4223 1591 2682 5132
Route #49: 1988 3979 2735 2761 3981 5459 1186 1623 2434 1372 2076 1710 5401 4303 4280
Route #50: 2718 780 3119 1642 2206 998 2084 1394 5607 2575 3720 4963 1833 654 1326 27
Route #51: 1767 3593 834 5158 4069 5089 1246 2523 5735 4411 2391 1955 3108 5243 3174 469 3576 1554
Route #52: 4263 5914 4746 3522 5706 389 2405 890 3563 3355 4867 314 4634 2240 526 1588 1729
Route #53: 3911 1672 1629 2344 333 597 1947 4944 4210 5532 4108 2844 3931 5716 2567
Route #54: 4001 1433 3134 4063 2410 3358 1228 1034 4064 4932 5445 4622 2208 3799 3005 5216
Route #55: 4184 4768 2624 175 3217 2618 3367 3336 468 2909 5001 1865 1878 1081
Route #56: 252 3132 5402 1279 5556 1690 3011 1602 1437 4610 4342 5457 4352 3762 5397
Route #57: 5154 5186 380 4477 3509 3706 1011 3977 4940 3114 3810 2139 3278 3056 745 1528
Route #58: 1723 5295 3348 1523 1845 4430 4612 778 1045 3037 5051 4856 1494 2543 2161 1407 194
Route #59: 599 1535 2292 5844 1079 940 1293 1285 938 4260 5665 478 4422 2296 2428 1725
Route #60: 3208 1292 1226 4301 1645 583 5742 1836 895 3530 1222 2366 401 3458 2260 2324 5614 5171 5719
Route #61: 4410 3074 1915 3306 4023 2096 5166 1751 5144 3349 4385 2896 4886 5566 3686 2758 5146 3039
Route #62: 4581 1418 2529 4252 4794 2045 1636 4691 5595 1821 422 5583 3577 2713 5628 842
Route #63: 247 608 1809 4595 4264 3089 1966 4705 580 2820 3184 4424 5111 3297 3948 4016
Route #64: 2901 2996 296 2327 4148 579 5577 4251 5479 1172 3015 5250 5536 3483 3794 577 306 10 1651
Route #65: 62 2875 3317 1946 5399 3116 5872 5693 5187 1041 2235 2829 3209 1237 5934 5244 521
Route #66: 162 2394 3019 4305 1863 3944 1447 2669 1731 3906 848 5070 1526 2304
Route #67: 1459 5933 1785 3444 2331 3327 4168 3272 1327 2059 1931 1587 4257 3207 1114 271 77 5239
Route #68: 655 1315 3024 5339 342 3947 4903 4731 466 5179 128 3698 929 5843 101 5814 1425 5900 54
Route #69: 4852 3170 3581 4153 3253 327 5107 5819 1879 47 2195 2365 5403 4849 1685 4933 4664 543 5520 572 983
Route #70: 4438 1366 3803 3103 4987 2287 3505 5554 3385 4640 4970 1922 2877 2424 4748 1216 5533 2665 5421 2882
Route #71: 1230 4596 667 3655 4574 3569 719 2183 4149 137 1434 382 4098 1649 4111
Route #72: 5209 2181 1229 1924 3827 1123 5931 3445 3954 4093 5145 2514 3200 2207 5143 5128 5329 4046 3776
Route #73: 4882 1666 4554 5705 3294 976 2469 2621 3748 2549 548 5016 5918 5130 6
Route #74: 5944 1822 2386 2605 5573 2887 4558 841 5868 5417 5704 3828 5444 2752 2954 102 4291 3521 496 5286
Route #75: 1273 4122 254 517 2412 4068 5826 3848 5643 1362 759 3688 4123 726 2204 28
Route #76: 1973 3816 4618 4630 3429 2335 1094 4549 4967 2962 5374 2308 1083 5280 5116 1932 2590 832 240
Route #77: 5082 1505 1225 4740 3969 3010 3094 835 442 4339 372 1800 4270 5831 4945
Route #78: 3867 4316 379 5233 4820 5661 2503 3147 1175 5991 3805 3188 3586 935 2948 876 3196 2894
Route #79: 2979 476 1791 2769 5621 3902 2015 1046 830 5110 1356 259 680 3175 2973 727
Route #80: 3564 1712 4943 5261 4763 5141 3823 862 4825 3621 1612 4079 5816 2157 5571 3241 2708
Route #81: 5264 2001 3353 1324 1909 4644 243 5722 551 3742 2530 2601 811 4926 1626
Route #82: 91 1369 4468 871 1500 3550 3182 2409 5400 5948 5238 3649 2165 4179
Route #83: 3514 605 2568 3009 3112 953 1194 2684 4222 4047 3625 3891 3032 4340 2029 1449 4201 2616 5065 3275 4811
Route #84: 4837 2537 4662 5801 4009 3862 5469 3237 3171 4297 3256 5590 3488 596 5558 5495
Route #85: 5622 2760 2081 3656 1219 3329 5040 4296 1191 43 4666 3533 4446 5062 3627
Route #86: 594 5478 3975 5973 3083 1157 1679 4485 5139 5175 3242 5954 1122 377 5634 1475 4616 417 4192 1843
Route #87: 5598 4854 3396 3409 3216 22 5526 49 3643 13 4250 5870 5489 315 2345 3022 3801
Route #88: 1548 3988 2852 4919 1620 625 777 4676 3724 3937 2818 2314 2074 1752 2143 3432 1908
Route #89: 2837 2088 650 736 1868 4302 2964 5018 5743 3087 1675 2363 1345 798 1659 951 2131
Route #90: 5413 2553 3773 5604 1765 4237 3964 129 1504 5373 4611 1374 221 3815 217 4095 560
Route #91: 1901 829 1670 5213 3185 5729 3160 3704 488 2247 2129 5728 4314 5613 670
Route #92: 4614 1621 355 1869 4729 4978 3661 823 5484 2738 1162 3632 1072 316 986 305 348 3412 2351
Route #93: 4959 1997 2889 2373 5092 1721 5766 5437 5750 785 5038 2642 5087 3568 1618
Route #94: 3293 4254 3511 5950 2490 3232 3787 3264 1543 263 114 750 3881 4890 4795 464 5889
Route #95: 709 4380 2110 3154 2845 100 2778 2436 4995 2382 78 1109 1302 774 3213 63 1872 2232 3653 498
Route #96: 3149 5747 4225 1323 5369 4065 2266 5031 4660 2223 491 1027 5563 1914 3615 4382 1343 460 3233
Route #97: 1798 2915 5249 3099 473 853 32 3905 2342 5488 5135 2916 568 885 2626 1797 4228 1769 3220 3899 2728 5606
Route #98: 2592 3231 4459 330 5322 3824 2028 2771 2857 4120 1145 2336 2174 3307 2418
Route #99: 1202 3453 5981 5837 499 1413 4354 767 3912 2634 3102 2369 5890 3806 2102 2917 1126
Route #100: 562 3750 5758 4605 4125 2874 5979 2664 1571 446 1861 1711 3526 3574 2921
Route #101: 4553 2965 3997 1291 5970 2729 1937 3793 3302 2318 3600 5267 5447 4506 5559 2610 5300 1177 3401 5771 3542
Route #102: 502 3951 2727 1907 1234 4360 3363 1619 708 1393 626 3674 4102 1637 5354 1764 3001
Route #103: 5578 4447 752 3733 910 2158 3082 5876 2038 5734 1519 978 5073 2224 4232
Route #104: 524 449 2532 3391 281 5219 5071 2360 2355 3980 3608 744 453 3719 630 1916 3800
Route #105: 2888 5784 746 4661 1139 1745 610 5326 3029 753 1276 3195 3228 2688 233 3285 3055 5069 4405 1023
Route #106: 2362 1557 1474 2858 5190 5008 1164 740 1540 5416 1854 858 3350 2043 3455 3659 567
Route #107: 1054 5813 1214 3026 2608 1665 2741 893 598 3417 3371 2398 636 404 3792 2673 76
Route #108: 3807 1248 4073 4906 1196 981 2722 5861 3529 2294 1117 2506 868 325 1101
Route #109: 3486 490 802 3759 856 1889 1024 1847 2239 1342 827 5623 1102 230 2591 5830 4219 4048 2092 1082
Route #110: 2036 925 3500 2904 2415 65 554 4412 1995 2274 4353 3520 1906 4158 2187 1251
Route #111: 4505 448 2286 2846 3467 1359 4255 3286 5969 5411 5956 5149 145 26 4941
Route #112: 3018 5122 2960 5568 979 4082 4823 2459 3939 4720 1991 2156 533 5178 5962 2785 3737 451
Route #113: 3269 5941 601 1232 4358 3566 5849 1180 3665 3086 4583 5227 5874 5360 4828 5806 4274
Route #114: 1003 1676 4548 3623 2368 2661 3677 2566 5102 4883 1643 5133 1886 2743 4294 1603 2668 968
Route #115: 5088 609 3109 1106 3813 2148 3929 845 5557 4527 2185 1911 5770 4333 157 5425 2427
Route #116: 5318 4722 1558 23 932 4015 4937 2703 3675 1131 1181 1353 4196 2604 5847 127 1224 575 2542
Route #117: 2633 4600 721 2557 1328 3427 231 5899 3167 2976 3716 5060 181 5545 2162 69 5637 3539 5828 1331 3292
Route #118: 1933 1316 2513 1402 1926 681 1 3186 5809 4621 3798 4782 4026 3610 3570 1860 433 5161 5996
Route #119: 514 1700 788 3922 1484 3691 2732 4997 4841 3424 558 3646 3345 732 722
Route #120: 2416 5004 3531 4191 3028 4592 687 2554 2485 1516 992 5903 4713 2033 1444
Route #121: 3617 2663 869 1698 2599 3400 4888 1703 5015 4024 2681 888 5924 3966 2774 5377
Route #122: 3662 5572 5757 1570 1038 167 3618 3319 4636 5099 4728 3641 1263 2467 196 170 5582 5003 5196
Route #123: 581 1458 2435 3915 2538 2347 4772 1999 1506 573 2657 658 4173 4774 3687 278 3031
Route #124: 324 5930 810 273 9 5014 5006 4155 392 3135 2233 3998 5189 1146 2311 3697
Route #125: 2940 2527 4449 2942 793 4683 3721 407 5648 2199 1990 2054 3664 1741 3342 3738 1839
Route #126: 2972 5404 1524 3088 4014 5667 637 5659 2273 212 1334 430 3434 5928 5518 3077
Route #127: 942 2984 2069 2229 2680 5629 3689 5260 14 5084 364 3640 1120 3930 5678 5474 3357 2357 1773 134 2647
Route #128: 465 3065 2372 3308 115 5802 5600 3949 285 2545 3437 4927 4840 3910 1625
Route #129: 4034 5477 3781 4910 2002 4128 2176 5610 4472 504 4706 5266 3812 5121 5446 5019 5611 931 4635
Route #130: 2500 5500 1197 748 4983 4428 2776 5865 3414 4078 5584 1212 2189 3481 1321 590 4061 5530 3818 447 1968
Route #131: 5553 4994 3180 4723 3612 4141 2448 2835 4633 5463 111 4645 1696 2458 1976 4626 1668
Route #132: 1890 4178 797 2934 1456 214 1913 2377 2128 742 4917 1985 458 5521 4240 5207 4188 2384
Route #133: 1780 5303 5221 2982 2853 3620 3354 3885 2196 4857 5929 5288 4815 5312 2777 3715 1510
Route #134: 5891 1888 444 3504 5998 1657 4067 3309 3671 4452 124 5383 4914 5791 4204 4964 1824
Route #135: 3701 1656 3266 3138 1318 2445 1399 4473 3398 3879 2541 4672 3865 1776 280 5262 5393 1470
Route #136: 1820 1782 1352 55 5090 2961 3239 1320 5292 5271 1170 4044 3802 1678 3884
Route #137: 1185 5434 1022 1135 1090 4806 481 3126 702 1406 3017 5284 2670 772 4099 3583 1455 2114 4642 4193
Route #138: 3404 4891 3139 4822 1297 5804 3214 1511 3344 3053 1984 1258 454 3263 814 1355 2951 3918 5112 2832
Route #139: 3780 831 1178 5817 4203 3421 4858 5655 1169 1096 2794 4050 4905 4677 985
Route #140: 2447 2112 3923 1087 4546 262 97 818 1310 5480 3601 18 2004 1971 2258 308 4797
Route #141: 5579 5780 1717 2511 3572 5119 1512 2865 4106 5114 3250 4306 5835 1179 2178 4864 3832 3741
Route #142: 1068 2686 991 5820 5456 4647 4393 4266 2348 4391 1737 3565 4855 5726 5741 4421
Route #143: 3413 3965 4535 4005 539 766 5645 3705 2150 2721 5664 1806 1503 5138 1874 3753 1335
Route #144: 1390 3960 3989 1289 1148 2508 3341 787 5565 3333 3140 4081 1341 4977 1987 2864 1945 5710 4778 4239 4077 1288 2612 553
Route #145: 1689 3974 1249 434 5313 3919 4533 795 2341 4893 5120 4954 1253 193 2593
Route #146: 4783 3775 5487 4716 4881 5586 5167 2701 1427 3374 1244 1840 689 334 2285 2518 5866 3978
Route #147: 5737 4487 395 5527 2037 2280 2739 3758 4437 887 4055 3868 5174 5075 3121 1056 1753 2494 3470
Route #148: 1502 4974 1559 4220 290 5639 4544 1662 3767 3819 5983 4396 3335 220 2270 2103 4164
Route #149: 3071 872 2550 3169 5485 1930 3480 1568 3194 4721 2510 2583 5759 1509 3300 909 3962 3244 2310
Route #150: 2617 37 1929 5511 2817 1419 1982 2562 3014 5627 3940 3575 2421 2497 48 2446
Route #151: 1977 3443 5838 5641 2465 126 5842 614 5624 1950 3191 4174 5884 5223 3874 2241
Route #152: 3963 2943 5450 5796 5201 5263 3299 1492 725 3146 5699 3431 4796 5671 3454 5198 2847 2531 2119 1531 150
Route #153: 4381 1998 1681 3190 4965 304 2472 2071 529 1021 1918 5104 3499 1028 4809 865 5525
Route #154: 399 5443 3189 5034 5957 5888 738 2376 5240 1936 5925 765 3736 2559 662 4011 4208 3301
Route #155: 3457 4206 5293 2802 5522 4320 1534 5955 5994 1695 3376 4312 3892 1075 4836 2499
Route #156: 1724 3972 3375 376 186 3318 3599 1609 5256 4948 3338 2805 2257 5546 284 5278 4154 4088
Route #157: 1611 5299 2172 4663 4563 2812 3559 497 4653 570 94 1507 1661
Route #158: 1978 95 4121 2064 5305 2723 3315 1278 5987 694 2127 2378 2879 937 3347 4072 1036 536
Route #159: 3517 1736 2283 3541 2772 2734 5609 1688 56 1928 3304 3543 948 672 84
Route #160: 1963 1708 3650 1733 1674 2913 489 3756 4195 2656 4043 174 2481 4961 3829 2755 1673
Route #161: 3727 5131 2644 1799 251 4198 2966 4151 4779 5644 1457 3869 1704 4351 2956
Route #162: 2815 2441 317 1758 4138 4330 191 5308 3695 5631 4773 120 3479 1317 4990 791 71 2811 2717 5428
Route #163: 2019 2431 3351 4080 4171 1314 2990 3855 4363 5467 2163 817 1899 5815 915 2221 1870 628 1884
Route #164: 2967 5350 2400 945 1781 4707 2903 2370 5636 347 4293 5538 500 2908 5432 5302 1547 790
Route #165: 525 4115 4369 5638 3723 1709 1350 3749 3842 5064 5012 4053 2862 2055 958 4699 1153
Route #166: 4373 3589 2767 3008 3851 3941 110 2950 5094 3142 4584 3360 674 2146 3394
Route #167: 1405 5217 4401 3606 1533 1624 416 4804 328 3128 2809 2907 4946 4675 5368 4597 2584
Route #168: 1271 3219 3416 5519 1552 4587 3 2352 5777 4942 2483 2733 5694 3034 4495 4336 4325 643
Route #169: 426 4199 2451 4514 5183 3676 3598 4743 2093 723 2379 3938 5191 2502 4454 2613 5785
Route #170: 1564 3162 1972 2873 1726 1650 1699 1606 3637 4074 4436 4273 1066 3861 3456
Route #171: 1727 657 4695 5013 3123 4357 4326 4234 4307 2520 2564 1231 130 190 25 2166 4177 537 1634 3609
Route #172: 2825 4367 5282 5712 4359 1608 431 5272 2970 3508 3619 4732 4895 1789 3804 5199 3553 2474
Route #173: 5304 2695 3633 5097 154 2544 1412 3817 4343 5109 2795 3085 2493 3973 4848 2994 1137 5165
Route #174: 2501 1462 2653 4440 5348 4132 3840 2068 2632 3120 267 866 5472 3290 1030 4036
Route #175: 3091 421 3920 5323 3825 5543 3199 4337 2803 2707 4632 3845 939 1312 2753 1772 1001 4898 713
Route #176: 5751 2893 475 960 1365 2225 5468 58 3523 2773 3386 5049 3258 1832 5534 5894 5690 2035 877 2906 1693
Route #177: 4687 1432 2952 2349 1037 2290 4993 3070 2066 2649 228 440 1013 1638 4052 5570 1912
Route #178: 4921 5408 1921 1479 5788 3045 5869 5152 3378 2039 955 2935 5176 5358 922 1566 3277 3887
Route #179: 394 3782 1215 218 4934 5850 2284 3928 85 1340 4377 5703 1986 4847 4423 487
Route #180: 641 1842 3157 1525 2116 3578 3811 4620 1149 1974 5762 393 4216 5095 4386
Route #181: 4214 4390 5514 1336 768 4991 3971 5986 5231 3090 4442 4802 2167 4801 4601 4673 4753 1496 587
Route #182: 1080 1705 2 198 1582 634 5228 4865 5738 2924 804 508 1203 2883 5163 3786 5170 5958 4576
Route #183: 5398 81 5259 927 950 4738 3081 35 1274 595 2438 5253 5886 2062 2025 96
Route #184: 343 3614 941 4413 4276 1655 3991 5349 4427 1382 3372 3745 751 1426 2770 3976 1029 4698 3377 1105 1430 2754 2547
Route #185: 3389 201 1958 3821 3069 1381 894 2364 4566 2573 7 1493 4469 2643 4474 3287 3452 4646
Route #186: 4417 1380 5977 3261 3603 405 397 2871 3198 4433 3049 3859 4341 4161 4761 1040 5544 1227
Route #187: 4792 5056 5222 2422 574 518 2067 5218 4083 1720 270 4789 4629 4524 3613 2854 659 5625
Route #188: 3591 1605 103 5967 1134 4877 1577 5185 4450 3459 5697 1692 173 5156 1008 2910 2265
Route #189: 5800 5702 1299 5972 2138 1604 2236 1213 4537 1490 2182 1129 775 653 2552 2317 4439 358 1715 3496
Route #190: 4311 3771 2271 3895 5418 1744 4027 1934 534 623 4982 4465 5448 1472 4803 907 2101 3642
Route #191: 182 5506 4896 2860 4116 1644 1486 4470 4521 1743 5947 3503 375 1156 4853 2219
Route #192: 2509 3921 3788 1160 1306 3004 5359 1628 886 1630 4298 5390 1877 4247 3451 4249 3692 984
Route #193: 86 3446 1943 3982 4708 2238 1465 257 1414 2248 4980 3036 1057 1104 3276 3150 4008 4704
Route #194: 3722 763 1876 2312 5407 2218 289 3535 3387 501 1959 2959 339 731 3113 4808 1948
Route #195: 299 4652 2230 303 4805 4928 1640 2953 5853 2464 3379 5310 5229 1435 4517
Route #196: 2548 2710 2361 1951 4364 3368 3064 1550 2486 2011 2517 2075 3211 5255 2574 1601 4701 2245 293 1466
Route #197: 3850 535 4402 4475 3177 4981 2202 3395 2305 3970 5081 975 3100 2242 3616 4545 1199 5834
Route #198: 1576 3926 1307 5011 1047 2648 5494 5620 5752 1592 3131 1477 5715 5698 3611 5352 2899
Route #199: 1275 205 999 2482 4911 843 2426 718 2227 75 816 5341 1738 3769 4392 5017 4561
Route #200: 1044 5765 3760 4479 2615 2521 2765 1825 4262 3314 1010 5795 688 2810 1239 4575
Route #201: 2440 4406 705 2941 2955 2995 4556 5078 338 2461 5248 5725 2891 159 52 578 4285 5470 3950 990 4290
Route #202: 3225 3204 4594 2106 4135 4538 5516 1830 1084 2827 699 2396 616 3700 4735 4915 3772 5372
Route #203: 1714 1055 2539 711 3305 5739 4628 4387 3222 423 2243 3492 1000 987 2401 3551 3507 2878
Route #204: 1401 3878 236 4835 4039 3822 4143 5755 5733 773 445 882 1771 4321 5724 1093 607
Route #205: 2716 2781 1905 4272 4624 2124 2783 964 4107 298 1387 2831 3280 3877
Route #206: 4236 3476 4315 2963 3027 5797 3473 4617 5651 2540 4235 2358 698 879 1308 4814 2056
Route #207: 4747 2020 3440 2798 4117 4197 1546 2087 5980 3012 682 2216 5913 1404 4187
Route #208: 3321 2030 3105 3030 3858 2399 4507 2439 2838 873 1235 5153 3117 2667 1130 5142
Route #209: 5774 4807 151 5718 3968 2471 3137 2338 4408 3900 1989 4432 53 4324 5314 1074 294 2685 2492
Route #210: 898 566 2027 4688 2159 679 5118 2789 3883 3547 837 3469 1538 1646 5057 559
Route #211: 117 3644 1684 5194 2125 4166 5458 274 638 5277 3068 892 3552 3133 3334 5597 477 5124
Route #212: 5419 4824 4131 1142 90 50 3630 2470 2387 2164 613 5072 4300 4279 733 320 4481 3016 4565
Route #213: 1578 4319 268 4562 2173 3343 4456 3230 5020 378 2672 1389 224 3236 4494 4650 5515
Route #214: 4759 1960 3364 706 125 133 4810 5464 3246 541 4776 113 3584 4949 5449 4901 1862 425 1338
Route #215: 1680 4842 1349 3339 4483 3943 5235 2905 1777 5501 5792 3556 1322 3158 2477 3860
Route #216: 4969 2551 4144 4659 3534 5232 4519 2828 5050 2425 3777 3710 2808 2403 3284 739 4670 5789 1017 387
Route #217: 5908 4602 5504 234 2053 4799 200 3450 4190 5455 906 585 4145 346 3725 4976 2450 415
Route #218: 900 5307 4242 897 5767 820 3501 5476 5005 141 4573 437 5649 2775 368 1904 3755 2639 4114
Route #219: 119 2014 3545 322 1305 4501 3141 418 5080 1787 4399 542 5574 850 179 5193 3638 3425
Route #220: 1875 414 4818 5720 4100 5010 4999 4897 2714 5465 1301 3111 1112 2788 5825 5274 1371 2332
Route #221: 4874 5821 3631 3066 1881 2525 3234 5535 3243 4165 5921 5887 3702 5679 188 5328
Route #222: 116 3048 1042 800 2764 1593 277 854 4057 4147 282 4130 2958 5630
Route #223: 2507 132 3380 2034 891 715 3909 4542 4134 5285 3626 5966 3952 656
Route #224: 307 1103 1163 4686 1298 1639 1750 429 2250 3870 4277 5410 2799 982 734
Route #225: 3251 3718 3645 1313 1113 1829 435 1415 2975 2297 2333 4218 4513 4323 480 1121 5140 3471
Route #226: 1460 2003 1439 2253 5652 799 561 40 3392 1111 1110 997 4498 980 3156 2843 3227 3144
Route #227: 3151 5975 5880 5367 396 486 671 1697 3942 3856 4186 4030 3713 661 2299 4885 3588 2152 5507 5723
Route #228: 4126 5927 5505 5555 1969 2692 4500 5461 4455 1487 936 365 651 2800 2255 1837 5510
Route #229: 1333 5269 255 3894 2971 5440 1992 5424 1155 2463 2192 2892 1654 3680 2108 4310
Route #230: 5808 735 295 1517 2655 2790 4682 5942 5208 5883 917 2985 4651 4875 5498 4183 2998 1742 4205 3634
Route #231: 5037 2050 1858 1852 4491 20 4935 513 2646 1814 1091 3212 5033 452 57 1549 1311 5340
Route #232: 4832 3397 5035 192 1002 4693 4786 4711 4051 3996 808 2766 4268 741 3833 5997 5943
Route #233: 4878 121 1257 1262 904 2444 649 2330 5276 3311 5077 123 3554 757 5041 2628 2868 1827 724
Route #234: 4441 2693 2980 4816 443 4585 4793 5172 2339 1867 3038 4607 532 1209 4912 2321 5046
Route #235: 4025 1480 203 2374 5 2999 1880 4689 5513 283 1450 5048 1917 4458 5798 4335 4176 505 5730
Route #236: 4892 5732 2278 5481 729 2687 1363 1150 3956 1204 1617 1183 685 5982 1408 2885 237 1748 3519
Route #237: 4409 326 2397 1200 2677 1873 2650 1060 219 2556 1026 3130 3841 321 1015 3636
Route #238: 3370 2160 3390 2046 4435 2489 4267 4463 2109 5363 4035 4742 2587 762 3060 1801 2748 1192
Route #239: 5990 165 4478 4504 3288 222 4163 4929 3602 668 2855 635 3987 591 2870 5612 1076
Route #240: 5297 2013 1965 5640 235 5366 1553 956 1051 2350 3683 286 3260 1440 3172 1938 4754 3407 2049
Route #241: 34 1855 5879 1910 5960 1261 3890 652 3667 1589 1808 934 31 5492 2078 3410 5074 1115
Route #242: 1894 309 427 3835 3579 5594 3181 5938 5123 5331 2756 459 4374 5687 2880 2220 4137 5028
Route #243: 4503 3106 3886 5676 108 5268 4871 2724 5503 272 673 4244 5127 4541 204
Route #244: 4724 2872 4070 1707 1198 1388 5252 2609 2478 1378 4245 5409 1850 1033 1050 1417 2032 482
Route #245: 4403 1573 183 4760 3770 5564 4957 4215 3740 5832 3221 5462 3057 248 428 1953 1469
Route #246: 344 1841 5385 5878 5937 4283 180 1722 5182 2834 1754 5044 3107 2306 4966 2353 276
Route #247: 4133 258 510 1136 3316 1635 5076 2720 1537 5658 3525 4781 1811 1919 4194 5882
Route #248: 914 1247 4012 1468 5195 2528 2814 3104 776 5336 225 3145 1476 5951 155 3897 2986 4726
Route #249: 1545 2171 3415 1107 5992 1686 1124 2937 4007 83 177 329 2476
Route #250: 2184 1147 4457 924 921 4157 1658 1812 4757 3084 495 4939 3165 5389 4006 4718 5115 801
Route #251: 3765 335 3560 5626 5754 4649 1223 1527 4625 569 5021 2343 1241 5226 312 5346
Route #252: 2072 1893 3544 3657 3681 5760 3193 4085 3994 602 5388 1648 3744 2840 5343 5827 4516 2884
Route #253: 3478 2922 5160 2725 5662 633 4348 5414 4577 4511 5429 3388 4152 1119 1144
Route #254: 5361 1166 3298 5396 764 5915 169 4785 2495 3283 1575 1584 5971 2203 1325 2094 391
Route #255: 3115 2120 3153 3907 1161 805 3059 1483 3043 291 5753 1277 2823 2505 3992 5173
Route #256: 3726 4224 2313 4894 1856 1423 5270 3489 1238 2058 3628 4608 4658 2007 1952 2886 4827
Route #257: 686 5237 3482 5493 1049 3820 4787 4227 3046 1012 2246 552 1078 1891 1383
Route #258: 4872 3426 994 229 2516 961 253 2060 340 5287 4499 515 4278 5265 2759 2047 1671 821 5279 4207
Route #259: 3854 1448 5840 5873 402 51 2898 5061 881 571 2957 2983 1184 5833 3296 4489 2712 5919
Route #260: 5895 4332 1159 1218 1627 5673 1467 1718 2848 2006 779 5319 2282 4777
Route #261: 3898 2325 2782 4045 4764 2645 1633 5181 4362 1187 1521 357 5155 2949 2787
Route #262: 4615 4492 640 1562 1730 4233 1438 5002 3729 4238 2145 3506 450 2763 5347 2404
Route #263: 4230 593 2498 2694 4170 171 4075 3122 239 2044 4529 5362 1796 3330 531 2302
Route #264: 2658 4461 3844 5422 1706 4 2614 5117 1735 889 1920 1616 851 105 4445 2005
Route #265: 2104 5415 147 59 5549 5696 1529 2768 1125 5811 720 4010 712 2057 3595 5273 2098 353 2596
Route #266: 5528 279 1014 1939 1370 3652 995 5654 717 3935 3548 3834 973 1664 847 4540
Route #267: 2151 424 3323 1409 2944 5079 2295 5772 4570 632 3914 1398 1174 5212 310 3051 620
Route #268: 2193 4550 2180 223 1542 2932 5936 366 5483 2863 261 707 4101 2252 138
Route #269: 80 5055 5301 5968 4971 1864 3573 1133 1132 4261 4104 4627 1097 546 812 600 1188 2641 5188
Route #270: 2926 4593 3549 5137 4830 199 4685 2420 2201 3054 4282 4988 2784 3843 3448 3728
Route #271: 4172 4569 5405 4950 4378 2821 3555 1190 5773 163 4851 2133 4873 3320 2991 3985 2406 5856 5782
Route #272: 2918 1961 2319 1770 3312 5290 139 5940 2346 1255 1613 844 241 4762 3052 5427 2675 370
Route #273: 5910 3238 1887 4956 5916 684 928 516 4150 1794 73 135 5150 2413 4520 4719 4884 3050 3778 3711
Route #274: 288 1596 4271 2597 2079 152 4770 2698 2316 2627 2849 1561 4013 1067 4715 5085
Route #275: 1834 4599 467 5294 864 3013 5599 3449 1882 359 2277 72 4879 4060 5430 3904 5332 2524
Route #276: 1761 1441 5576 860 1397 2726 5790 1259 3080 5709 2149 1294 1005 1763 4295 1282 5663 5436
Route #277: 5197 5096 4338 4202 878 413 1319 4033 4839 1632 70 2586 5203 920 918 5547 2749
Route #278: 4512 1520 4453 3690 4299 5740 3324 737 4286 4523 5442 615 4582 42 420 5420 1962 3441 2147
Route #279: 2309 1817 4920 1981 4124 2819 2021 160 5184 913 3484 522 2487 4275 5949 4451 215
Route #280: 4509 5803 1515 1522 3393 3497 838 5602 3337 1252 3161 441 1032 2040 2009 5164 1053 944 4681 538
Route #281: 4347 2757 697 512 1954 2594 4416 1061 5026 1416 2113 3023 1086 3399 1994
Route #282: 4714 2719 403 3597 2334 2205 4397 2256 3880 3536 5689 3127 1019 3958 1563 2105 1099
Route #283: 5775 4426 2580 2091 1364 362 4460 807 3635 202 3095 1508 2705 5904 2090 2867 1118 1805 2095 2555 3789 4480
Route #284: 4543 3215 2457 3849 64 92 5258 3699 4862 796 1614 1461 341 2392 5381 769 6000 4328 3076 2804
Route #285: 2018 4087 5345 5351 2209 4536 4655 2289 4058 803 3428 4414 2023 2581 4975 5439
Route #286: 3746 1957 432 3670 3313 5391 5281 1567 1702 2000 5236 2572 3647 1895 4448 5909 4200 436
Route #287: 3129 520 2411 3423 3518 3888 2479 3247 4861 3047 1739 30 4557 3262 4375 2662 3747
Route #288: 2927 3255 2115 4056 4029 1518 4071 4209 156 2449 755 1421 1786 2654 5952 4484 1048 1195
Route #289: 244 79 184 457 5364 2254 5043 2786 1089 833 5224 3365 5093 3933 5562 2876 439 3622
Route #290: 507 5907 4750 5839 5324 4834 1165 3903 743 867 1070 2981 965 4371 2136 2740 4169
Route #291: 4162 5681 5214 4309 5588 463 2191 5592 5200 12 4985 4588 3442 1451 5974 5030 4755 2453 5296
Route #292: 2083 2383 2526 3098 3838 2213 2454 1663 4246 3044 5371 4846 5316 5215 899 4084 629 2385
Route #293: 2780 4185 5548 3779 4528 4730 5805 2690 4313 5666 1025 1849 2947 794 2969 2702 2144 1818 2561 5509
Route #294: 249 5473 989 1746 3893 5330 4281 1536 4604 5906 2231 4638 2676 1295 3875 4092
Route #295: 3187 5091 4394 3159 5857 3896 4831 2841 2186 3784 2026 484 1885 3596 2519 5192 5823 5935 2153 4110
Route #296: 5063 388 3464 5039 4032 4968 4076 4539 1941 1574 4745 4766 1071 5632 5497 1544 3809 974
Route #297: 1815 784 5988 1560 2073 2636 211 5433 4308 3889 4379 2010 4631 2925 5926 5653
Route #298: 1784 1481 4028 3124 5241 4843 2588 4767 5540 3830 3466 1551 5953 3356 5692 5382 1970 5920 3766
Route #299: 2226 4231 4366 4925 3218 3202 3945 1018 996 5684 4531 5357 1265 822 3332 1572 5672 187 4175
Route #300: 4331 5985 2813 256 2931 2659 363 3179 4643 4019 902 2629 5677 1482 2945 44 4813 5344
Route #301: 4953 4798 3764 3303 4515 1020 2602 3003 5205 3289 1329 2210 1429 1967 3717 5680 3325
Route #302: 4490 5025 472 2097 2468 158 2796 4700 313 710 1607 4560 4737 949 4962 3245 5454 550 1828 36
Route #303: 5603 5859 3164 5685 5580 2563 5647 1059 1749 2111 511 21 4845 5147 492 24 691
Route #304: 4269 1428 4365 19 3696 4496 3857 5375 1254 4388 1217 4960 1452 2697 4697 1755 1410 3438
Route #305: 3274 3406 2381 3538 2933 1445 3192 1964 5939 5392 4986 5708 5892 3562 5898 3714 4908 45
Route #306: 4534 2433 2466 4040 4800 1385 5068 4431 4572 4096 4709 3359 4674 5431 5412 5569 5756 1463 962 3679 2329
Route #307: 3493 703 3430 5822 4989 4984 5714 2914 210 4211 1848 4838 3433 5691 1757 2100 4434 1993 5701 3067 5482 3021
Route #308: 5321 3808 1422 5059 618 5818 2123 3790 4018 3846 1348 2747 2480 4863 5298 1128 4725 2793 1940
Route #309: 2715 2598 2977 195 4947 1309 3402 3373 455 5824 106 1088 1065 3020 4502 2606
Route #310: 4547 1095 5386 3000 2442 61 3097 3033 916 3125 582 5460 1354 3797 245 1956
Route #311: 4017 1853 4118 3984 855 4142 2638 1792 606 5251 3477 4259 4103 1052 4136 4648 208 2328
Route #312: 2833 4383 2762 5587 3917 148 4493 2589 3075 2929 390 143 5283 2475 5656 5864 761 4350
Route #313: 384 3328 2077 2320 470 3240 3340 5370 1064 5036 3513 2279 3882 87 4568 4292 2423
Route #314: 336 408 3006 2711 4109 2484 2107 5999 2779 2263 1339 3967 1360 264 4398 1925
Route #315: 4113 4996 3235 2198 1823 611 5695 5700 644 3490 176 4037 2488 2611 527 5875 5320
Route #316: 3502 758 3763 3669 1471 5896 3361 5129 4304 1485 4129 3558 4930 4900 1556 2367 5246 549 1923 1513
Route #317: 1208 2070 4826 3708 1539 4551 3785 1900 880 4355 836 2859 2678 1501 4680 227 1898 5125 3908 4812
Route #318: 4467 3694 1590 4916 4127 2251 1168 2750 2008 1583 4668 5978 5731 1694 523 146 2600
Route #319: 2082 5499 2491 5783 1599 5902 3310 3660 4213 5807 1491 3223 1489 1622
Route #320: 5306 988 1804 1281 1284 749 4482 660 676 3257 33
Route #321: 3352 648 4679 1269 4334 5275 5581 3839 4641 438 2061 5601 3136 5426 849 4031
Route #322: 112 5023 1514 4887 4727 2558 3872 728 806 3871 1478 5642 4656 908 5394 107 883
Route #323: 4552 5234 5325 2742 5911 1141 2452 4090 3537 1236 4667 99 4733 5337 5646 5776 3210 3405 4089
Route #324: 2816 5355 2414 2016 5508 1464 3528 5387 4003 1108 1835 4637 46 1377 2089 213 4042 704 3955 5471
Route #325: 1375 3673 161 4869 2671 419 2276 4771 2065 2683 2807 1488 4097 2691 207 3061 5491 1069 1063 5727
Route #326: 5126 5502 5435 318 2393 3152 4751 690 621 4833 269 2300 683 1793 3224 2923 4004 5829 2533 4420 5067
Route #327: 5202 1264 1332 642 1713 2640 1732 730 2437 3346 3063 2455 3986 3590 786 815 5744 1403 178 4876
Route #328: 5688 4752 3936 3876 770 4248 2261 3607 1819 1883 1859 4000 1944 4591 2622 2288
Route #329: 5851 474 1207 2388 4510 1747 813 3096 5378 3201 859 374 2214 385 67 4395 2303 5029 3369 4525
Route #330: 5475 1595 5101 5846 2607 4654 563 209 1610 3783 677 2635 5356 5169 361 2052 1495 530 3491 4922
Route #331: 2938 4979 2168 2987 5893 3751 2576 4243 5575 5961 4486 4684 5633 149 1395 5871 3007 216
Route #332: 639 5881 3110 901 4955 5617 4710 2326 4317 5315 1530 5032 4958 666 4580 3118 2140 4678 5812 2356
Route #333: 1903 1446 2099 15 2730 2237 5836 5781 5162 3072 5748 5793 2919 383 5616 311
Route #334: 3002 2968 2751 2536 1598 967 3685 2515 1942 2264 1762 3831 2272 665 4066 3249 356 5932 2135
Route #335: 966 3712 700 5159 4059 846 3462 5560 3411 1949 760 3668 4372 3540 1892
Route #336: 4221 5682 3173 4376 1778 5848 5591 2269 4368 5923 2407 3709 3957 4288 3226 3516 3148 2142 5567
Route #337: 1376 4758 1569 3487 2267 5768 3925 4931 140 5134 5635 5108 373 3852 4530 1245 164 565
Route #338: 647 2429 1813 903 5799 3265 4415 3197 506 2797 3418 3732 4349 4623 5406 2902 1532 2063 287 2118
Route #339: 5946 875 1373 3282 5338 4555 2866 919 5539 3594 2571 564 292 4868 5042 1267
Route #340: 4021 4936 2666 5524 2900 3961 947 131 3953 4217 4049 2637 4590 93 3864
Route #341: 136 5746 250 1783 5148 2217 954 4327 2323 1779 4265 4769 88 4418 3546 1368 3291 2117
Route #342: 461 4938 1669 2842 1242 4889 2806 2706 592 3073 265 2881 3629 4603 2689 2121
Route #343: 2155 2024 3999 781 3460 3532 3795 789 5531 1896 4559 4389 3580
Route #344: 4146 5713 3408 5686 2268 1871 756 839 1337 5098 3435 1756 3624 675 1838 1775 1647 5230 2839
Cost: 488871
