Route #1: 530 326 878 319 631 666 271 336 193 166 951 184 791 276 4 986 281 891 106 612 225 233 383 126 729 599 520 216 779
Route #2: 337 71 974 582 581 299 617 108 1000 312 434 430 960 232 358 633 39 850
Route #3: 989 388 393 886 3 798 113 772 76 79 17 971 117 47 591 987 580 566 541
Route #4: 28 240 710 220 282 284 416 740 595 837 16 436 760 446 474 673 61 441 693 531 868 27 648 528 794
Route #5: 628 950 111 677 324 191 851 976 35 823 883 926 651 711 257 641 674 896 615
Route #6: 379 400 439 391 291 210 514 813 428 991 910 692 209 525 564 451 797 962 256 859 785
Route #7: 200 90 118 159 575 308 924 87 995 405 577 511 268 131 20 576 173 551 726 893 136 450 799 23
Route #8: 409 357 688 468 196 597 163 437 994 968 33 975 579 705 946 70 223 473 827 621 205 699 568 947 472 176 399 510 639 534 874 945
Route #9: 819 236 300 485 852 875 177 25 993 753 123 21 325 549 107 98 8 369 44 836 234 801
Route #10: 14 278 834 304 351 476 828 820 344 158 385 421 287 689 780 362 181 847 1 195 560 481 49
Route #11: 957 489 139 815 153 255 488 744 864 824 269 782 309 943 842 140 290 467 938 186 944
Route #12: 321 723 92 839 825 322 499 719 583 739 927 952 194 280 494 840 197 298 293 931 214 988 354
Route #13: 307 788 635 872 347 516 465 653 832 758 254 862 770 342 11 334 373 363 644 686 661 846 429 479 120
Route #14: 48 104 802 440 460 219 703 459 881 854 244 359 447 264 51 375 857 545 144 671 966 116 745 655 547 211 533
Route #15: 903 457 115 557 110 643 143 167 168 964 119 203 145 656 13 742 55 230 537 507 601 350
Route #16: 89 728 596 261 171 188 659 43 625 668 418 879 443 731 82 593 397 265 663 708 103 984
Route #17: 174 250 675 716 26 559 497 292 679 77 963 835 546 423 410 208 539 529 226 371 627
Route #18: 22 133 283 861 898 392 221 396 706 647 990 833 305 438 353 730 65 548 192 218 313 204 59 754 242 959 774 206 431 942
Route #19: 735 660 80 650 588 41 406 294 279 509 578 502 884 31 640 101 808 792 402 346 289 132
Route #20: 85 243 330 652 929 918 759 495 422 238 701 60 586 149 394 622 786 413 367 62 424
Route #21: 155 100 764 272 563 890 275 97 584 235 162 848 967 338 189 810 466 435 769 543 985 636 750 807
Route #22: 273 425 128 302 500 917 704 249 212 78 333 482 185 598 54 888 814 327 670 517 672 853
Route #23: 734 956 803 992 24 10 270 506 620 461 124 830 99 983 5 606 122 695 63 29 934 150 483
Route #24: 611 15 9 361 634 355 969 417 386 356 604 266 248 306 45 812 980 297 94 972 501 301
Route #25: 452 277 52 262 752 727 246 925 378 892 247 717 616 480 738 114 213 949 81 871 508 201 724 561
Route #26: 694 303 526 790 138 311 217 253 365 317 909 285 574 72 939 821 263 259 904 928 160 135 427 229 535 607
Route #27: 462 793 318 513 553 887 519 841 57 339 73 536 368 147 67 478 295 948 315 109 199 398 725 897 164 914 916
Route #28: 690 148 614 360 366 267 241 589 665 403 125 587 902 332 382 858 40 341 349 678 552 880 713 190
Route #29: 202 831 340 906 733 933 889 747 180 567 475 838 970 657 856 154 911 258 102 796 936 941 37 183 771 134 84
Route #30: 486 458 741 170 19 381 420 449 470 477 610 997 36 224 178 715 69 156 182 684 609 922 573 751 384 592
Route #31: 908 522 783 755 444 484 58 88 93 374 142 463 377 490 818 619 905 146 870 826 179 736
Route #32: 766 822 921 789 372 955 538 141 702 804 844 524 900 935 151 816 237 187 958 540 505
Route #33: 806 915 571 784 867 328 498 757 352 56 863 112 845 809 157 64 998 542 487 96
Route #34: 432 646 556 401 512 877 348 829 239 691 787 46 496 521 996 127 137 323 763 618 169 380 75
Route #35: 817 778 843 310 923 855 626 288 419 649 979 2 714 776 34 329 493 442 781 981 866 882 456 800
Route #36: 722 42 899 919 453 207 274 683 894 642 518 554 953 411 68 637 805 414 86 74 707 775
Route #37: 658 408 698 664 768 662 335 978 532 12 260 873 18 930
Route #38: 130 251 569 602 746 940 920 860 387 121 550 961 849 389 370 152 885 608 685 681 907 53
Route #39: 469 632 562 913 954 737 773 697 215 7 624 376 676 932 445 982 605 455 172 464 720 590 492
Route #40: 175 390 762 811 696 105 623 558 732 572 228 165 613 412 594 523 222 364 630 129 765 709 585 638
Route #41: 471 761 645 454 999 50 296 32 6 91 629 756 901 555 448 912 331 973 895 95 965 603 38 395 712 227
Route #42: 748 876 316 565 345 937 343 198 680 407 767 245 491 570 600 231 865 320 433 515
Route #43: 977 669 749 415 503 687 426 527 504 700 252 30 743 314 66 161 667 682 83 721 544 286 654 795 777 869 404 718
Cost: 75042
