Route #1: 141 208 36 2 129 45 147 91 87 20 195 120 179 172 193 44 30 75 89 189 131 142 205
Route #2: 108 33 122 13 128 53 26 171 9 90 70 62 86 101 29 76 113 144
Route #3: 153 170 139 72 66 56 107 194 8 100 125 121 34 207 192 50 81 138 97
Route #4: 93 180 132 31 197 4 200 61 143 109 43 80 198 22 156 124 59
Route #5: 146 151 55 185 96 114 123 115 17 15 67 38 165 52 184 110 206 21 162 154 210
Route #6: 136 168 41 145 49 63 92 148 3 157 178 95 213 23 82 57 196 160 126 74 39 40 11
Route #7: 5 102 73 84 211 201 187 188 164 18 64 69 12 133 46 54 118 169 28 182
Route #8: 152 85 25 209 119 186 103 27 149 214 191 32 106 71 117 7 173
Route #9: 24 175 212 203 68 155 166 58 112 135 10 199 127 204 104 159
Route #10: 14 94 83 79 77 167 181 176 98 137 183 116 60 174 51 202 47 150 48
Route #11: 65 190 134 35 99 130 6 42 158 105 140 78 16 177 111 19 88 161 163 37
Cost: 11130
