Route #1: 31 178 28 253 585 308 283 2 535 242 240 470 373 24 463
Route #2: 349 354 190 610 44 449 165 491 64 567 48 418 145 375
Route #3: 380 394 77 204 104 313 79 136 563 436 65 192 316 35
Route #4: 245 534 29 84 459 249 294 337 53 106 296 611 384 616
Route #5: 292 20 599 457 594 32 507 116 174 588 221 608 40
Route #6: 522 468 425 445 118 480 602 508 482 370 99 55 545 66 531
Route #7: 121 492 493 325 360 369 6 27 302 524 162 153 377 272
Route #8: 627 499 453 196 345 266 157 80 248 202 186 469 472 175
Route #9: 389 446 429 461 295 134 217 82 595 37 107 618 62 450
Route #10: 319 151 115 300 81 415 554 14 518 498 172 419 603 402
Route #11: 367 45 596 173 69 309 338 363 515 509 364 260 619 409 234
Route #12: 126 553 235 310 15 372 16 356 206 565 521 404 513 607
Route #13: 314 125 479 471 17 442 330 536 530 305 544 578 228 307
Route #14: 339 407 189 435 341 494 573 464 68 400 258 236 142 533
Route #15: 297 3 391 344 227 576 275 426 285 432 74 152 613 321
Route #16: 368 570 7 395 270 555 140 264 109 229 510 108 332 301
Route #17: 102 609 420 485 519 590 381 497 546 410 231 575 114 158 197 252
Route #18: 447 454 207 476 268 131 120 473 21 241 219 303 71
Route #19: 119 201 98 130 551 392 320 598 355 281 615 474 365 606
Route #20: 113 193 620 96 87 343 154 238 312 593 54 22 23 177
Route #21: 41 589 431 246 124 520 413 532 213 366 452 592 232 621 538
Route #22: 278 230 430 215 318 385 34 379 501 199 504 441 132 333 543 208
Route #23: 60 517 324 195 274 614 198 465 184 537 422 500 289 129
Route #24: 210 528 393 456 428 78 460 226 340 587 223 437 176 574 73
Route #25: 304 405 617 139 26 506 583 261 288 85 75 156 462 36
Route #26: 90 191 417 163 18 581 148 103 566 311 254 526 95 101 523
Route #27: 561 486 92 155 317 487 412 58 359 467 91 371 282 495
Route #28: 256 286 4 269 273 67 558 257 47 484 83 244 423 315 170
Route #29: 347 147 586 38 386 406 477 105 25 342 571 625 387 143 489
Route #30: 329 123 478 605 490 579 525 604 161 434 466 259 448 556 138
Route #31: 137 262 110 284 559 443 334 200 117 94 549 97 540 591 128
Route #32: 61 475 350 376 88 322 146 50 362 133 512 112 150 277 216
Route #33: 398 351 168 331 187 149 568 46 383 438 171 224 552 399 159
Route #34: 548 451 222 100 239 560 416 623 179 211 203 516 382 49 243
Route #35: 335 557 564 306 290 547 455 76 251 63 326 358 481 336 122
Route #36: 624 572 194 427 390 89 188 327 612 220 39 9 42 214 408
Route #37: 503 584 51 346 357 185 72 439 280 361 86 601 562 225 183
Route #38: 93 542 298 502 352 600 267 569 279 250 483 169 209 10
Route #39: 263 550 8 182 514 237 11 19 626 135 218 458 181 276
Route #40: 30
Route #41: 527 265 411 582 511 299 378 291 396 401 5 247 505 144
Route #42: 12 440 57 287 577 348 13 397 43 127 33 323 541 328 597 141
Route #43: 433 164 444 59 255 56 52 205 622 111 529 166 167 353 403
Route #44: 414 180 488 233 70 424 374 539 160 293 388 496 212 580 421 271
Cost: 63403
