Route #1: 362 320 224 194 389 637 642 683 97 753 581 462 497 572 597
Route #2: 95 675 580 480 22
Route #3: 15 299 251 231 11
Route #4: 587 313 733 41 424 65 222
Route #5: 55 297 109 217 90 265 410 535 709
Route #6: 496 76 100
Route #7: 42 610 71 276 132
Route #8: 312 376 288 190 340 277 211 243 565 199 734 695 465 215 176 198 466 266 668 630 501 149 263 181 154 307
Route #9: 375 481 16 607 634 511 471 700 545 682 645 671
Route #10: 248 368 207 341 177 81 233 342 214
Route #11: 166 754 269 158 261 377 78 167 694 455 557 292 268 743
Route #12: 442 617 483 310 192 212 439 92 111 512 412 718 456 625 714 428 108 193 205 562 552 213
Route #13: 157 606 52 61 250 422 528 160
Route #14: 457 763 555 73 34 330
Route #15: 374 165 285 31 39 136 333
Route #16: 392 690 437 173 70 259 549 434 156 415 705 291 554 539 407
Route #17: 36 599 21
Route #18: 686 547 125 723 726 256 521 417 646 284 82 627 620 764 639 518 509 411
Route #19: 4 32 148 286
Route #20: 467 595 525 602 86 677 260 524 319 665 451 529 697 387 579 560
Route #21: 621 612 131 531 390 123 99 75 438 398
Route #22: 141 538 680 691 195 20 137 264 449 570 400 489
Route #23: 66 762 6 735 144 116
Route #24: 54 197 335 5 363 337
Route #25: 227 93 101 218 356 246 294 114
Route #26: 737 427 741 692 343 728 102 586 326 613 308 712 569 669
Route #27: 87 18
Route #28: 234 315 168 28 91 423
Route #29: 317 699 450 624 35 142 752 372 473 216 370 716 657 510
Route #30: 26 85 273 151
Route #31: 574 354 46 258 120 236 551 220 638 170 228 169 253
Route #32: 48 83
Route #33: 30 37
Route #34: 533 673 89 598 143 2 185 295
Route #35: 623 582 592 537 532 433 74 724 739 279 458 318 202 604 351
Route #36: 150 188 175 53 171 323 204 369 568 296
Route #37: 282 689 140 633 238 311 8 730 516 468 585 479 672 124 230 622 575 384 676 485 685
Route #38: 328 103 25 283 209
Route #39: 117 293 397 605 454 495 429 648 719 300 223 239 14 484
Route #40: 460 664 748 583 60 155 280 59 559 611 355
Route #41: 62 164 331 348 332 344 51
Route #42: 7 24 254
Route #43: 446 530 463 420 33 69 444
Route #44: 56 72
Route #45: 88 96 371 349 189 147 303
Route #46: 761 564 430 706 12 618 736 494 418 445 573 729 619 674 662 383 498 515
Route #47: 43 40
Route #48: 139 29 64 379
Route #49: 127 161 563 183 67 513 267 274 112 744 436 670 663 667 359 679 678 242 339 409 336 244 324 290
Route #50: 226 766 603 49 367 105 541 382
Route #51: 240 10 58
Route #52: 380 536 133 44 346 206 57 358
Route #53: 301 703 203 200 229 84 381 306 373 201 345 658 440 651 487
Route #54: 252 715 519 360 628 357 401 404 478 649 47 506 406 499 740 172 416 353 758 486 600
Route #55: 249 68 23
Route #56: 493 588 241 653 104 566 474 477 378 652 561 386 395 635 756
Route #57: 441 591 129 760 134 152 298 219 327 255 732 629 707 543 275 643 475 184 491 614 751 388 281 505 661 118 601 702 470 366 110 482 590
Route #58: 322 696 490 609 540 159 502 472 98 145 394 526 544 520 329 245 309
Route #59: 187 262 431 38 727 121 713 128 711 640 659 546 548 443 757 523
Route #60: 13 9
Route #61: 208 558 660 435 126 632 596 138 153 163 45 641 338 647 750
Route #62: 19 270 63
Route #63: 135 50 316 80 235
Route #64: 361 507 247 191 79 304 182 425 196 314 287 352 305
Route #65: 534 146 527 403 492 500 550 27 650 453 656 631 180 553
Route #66: 94 272 130 77
Route #67: 225 747 421 447 687 576 405 414 578 626 759 765 684 432 452 385 636 608 615 594 722 119 122
Route #68: 350 257 571 393 708 107 616 3 654 278 746 115
Route #69: 503 522 365 391 556 567 693 476 742 704 408 113 399 419 459 413 745 721 334 725 461 488 666 504 688 577 698 289 162 517 731 655 584
Route #70: 271 738 755 514 321 396 720 221 106 237 179 232 302 174 464 210 710 749 448 701
Route #71: 402 426 542 644 717 589 186 681 17 347 364 325 469 593 178 508
Cost: 117598
