Route #1: 694 456 592 443 369 834 843 155 691
Route #2: 222 289 313 191 46 372 181 117 318
Route #3: 64 35 52 288 403 336 134 151 401
Route #4: 670 744 562 33 722 274 550 520 657
Route #5: 102 833 583 746 158 578 426 855 754
Route #6: 51 799 569 513 576 673 742 552 559
Route #7: 483 679 805 471 486 781 776 612 548
Route #8: 807 196 661 716 594 674 568 37 28
Route #9: 477 682 449 484 732 624 729 699 654
Route #10: 429 90 675 470 800 566 650 632 282
Route #11: 441 596 574 466 641 714 491 499 474
Route #12: 553 448 563 812 751 262 473 609 453
Route #13: 507 398 130 613 442 528 122 337 397
Route #14: 55 224 387 342 379 424 92 240 190
Route #15: 669 120 17 223 233 218 19 192 419
Route #16: 468 711 171 821 458 157 211 480 467
Route #17: 526 311 619 697 571 747 356 508 160
Route #18: 194 68 146 323 390 104 589 393 305
Route #19: 497 666 6 840 433 536 534 638 801
Route #20: 232 89 189 70 347 25 101 359 225
Route #21: 12 34 498 187 290 100 269 247 238
Route #22: 804 634 329 535 802 607 452 693 756
Route #23: 445 522 145 131 298 437 680 338 570
Route #24: 819 728 684 750 475 773 531 537 698
Route #25: 217 667 454 428 414 264 53 21 793
Route #26: 629 538 169 564 603 78 556 404 173
Route #27: 212 367 315 208 406 7 822 343 275
Route #28: 266 353 177 75 99 197 56 227 312
Route #29: 216 333 368 835 179 271 260 331 214
Route #30: 663 125 463 817 362 546 16 740 597
Route #31: 765 803 590 712 509 608 561 111 529
Route #32: 345 816 270 344 300 439 164 598 161
Route #33: 446 715 705 457 306 500 560 724 741
Route #34: 346 814 440 852 761 183 504 545 11
Route #35: 501 472 112 665 676 45 707 748 349
Route #36: 97 809 159 785 826 656 690 405 98
Route #37: 351 184 587 600 783 551 543 797 502
Route #38: 73 170 103 136 59 234 374 47 239
Route #39: 618 516 524 584 829 806 575 462 794
Route #40: 721 668 681 447 640 845 492 518 847
Route #41: 243 283 296 494 409 811 132 118 628
Route #42: 464 207 735 267 185 116 77 604 421
Route #43: 402 332 39 74 176 256 67 328 301
Route #44: 29 360 127 219 200 188 687 236 36
Route #45: 854 610 755 261 490 762 519 133 255
Route #46: 26 335 411 135 50 180 137 172 38
Route #47: 294 702 658 836 595 695 757 789 517
Route #48: 621 796 824 777 521 651 339 758 481
Route #49: 605 730 645 178 540 375 455 820 249
Route #50: 637 848 775 635 723 743 769 779 601
Route #51: 144 279 340 495 737 644 813 168 156
Route #52: 827 850 476 652 577 505 717 772 22
Route #53: 128 579 700 602 530 383 250 828 465
Route #54: 815 731 830 704 767 431 617 763 846
Route #55: 237 273 297 174 126 377 18 382 851
Route #56: 182 284 639 245 148 436 614 231 147
Route #57: 778 791 230 573 532 572 30 838 302
Route #58: 316 547 326 554 80 129 167 220 119
Route #59: 199 286 853 786 418 268 62 366 204
Route #60: 771 581 460 258 792 623 76 427 557
Route #61: 706 671 633 430 438 660 625 630 152
Route #62: 825 768 678 647 649 567 738 745 774
Route #63: 496 734 713 677 459 759 798 479 580
Route #64: 263 114 241 203 166 378 10 201 139
Route #65: 788 541 549 664 719 162 686 510 790
Route #66: 444 708 435 593 837 810 461 849 672
Route #67: 91 163 65 202 3 643 350 254 106
Route #68: 487 586 319 555 696 523 591 831 488
Route #69: 123 42 384 317 416 291 141 221 400
Route #70: 485 626 653 844 544 646 627 88 396
Route #71: 489 784 482 770 720 659 688 615 309
Route #72: 186 105 841 322 361 381 93 648 292
Route #73: 229 718 27 121 642 143 709 432 57
Route #74: 703 726 95 514 752 525 689 662 542
Route #75: 205 83 215 277 13 782 410 149 357
Route #76: 766 558 753 764 795 655 506 818 780
Route #77: 348 683 599 364 823 407 124 235 66
Route #78: 808 434 469 9 388 363 320 391 246
Route #79: 606 451 478 503 685 736 739 616 856
Route #80: 420 48 54 310 79 40 209 109 94
Route #81: 585 565 842 140 285 376 14 636 278
Route #82: 206 244 280 371 228 82 49 386 72
Route #83: 385 251 394 352 248 413 417 733 252
Route #84: 110 195 107 86 175 272 44 787 314
Route #85: 727 588 839 8 422 370 493 515 138
Route #86: 2 307 725 308 582 620 611 324 253
Route #87: 81 24 31 304 692 150 334 389 295
Route #88: 71 58 153 512 327 15 749 5 61
Route #89: 365 450 412 373 423 303 213 287 43
Route #90: 165 60 415 395 154 84 23 226 832
Route #91: 527 760 710 631 511 701 96 622 533
Route #92: 41 115 85 32 4 87 341 257 108
Route #93: 355 259 539 425 392 281 20 113 358
Route #94: 299 142 408 399 330 193 293 380 242
Route #95: 198 63 276 325 265 321 354 69 210
Cost: 89714
