Route #1: 627 62 109
Route #2: 664 32 122
Route #3: 192 222
Route #4: 149 43
Route #5: 761 742 57 321 432
Route #6: 42 652
Route #7: 38 166 896 323
Route #8: 709 224 27
Route #9: 152
Route #10: 121
Route #11: 139
Route #12: 31 80
Route #13: 61 169
Route #14: 416 237 278 632 738 23
Route #15: 223 372 150 844 827
Route #16: 457 581 551 19 757 549 364 545 291
Route #17: 341 855 857 449 63 536 863 379 269 302 729
Route #18: 357 99 301
Route #19: 672 526 853 425 876 846 800 607 89 463 534 691 848 418 559
Route #20: 158
Route #21: 183 207
Route #22: 242 20 116 818
Route #23: 326 102 81
Route #24: 572 163
Route #25: 243 377 128 258 716 270 638 805 226 467
Route #26: 34 96
Route #27: 499 917 591 812 462 656 597 69 867 531 340 595
Route #28: 436 9
Route #29: 619 83 33
Route #30: 655 4 922
Route #31: 383 600 332 213 380 721
Route #32: 16 171 791
Route #33: 636 145
Route #34: 411 516 14 452 78 319
Route #35: 147 901
Route #36: 272 234 40 506 819
Route #37: 197
Route #38: 501 486 256 161 497 654 434 825 835 766 410
Route #39: 685 93
Route #40: 202 906 803 648 727 244
Route #41: 142
Route #42: 552 931 911 508 255 177 376 433 651 253 895 770 823 227 328 514 298
Route #43: 427 883 793 544 500 474 580 30 621 749 455 669 756
Route #44: 73
Route #45: 26 210
Route #46: 336 910 820 529 378 106 643 366 315
Route #47: 249 723 628 510 39 810
Route #48: 634 461 717 468 151 446 902
Route #49: 923 442 847 811 18 874 490 541
Route #50: 639 868 41 631 470
Route #51: 127 338
Route #52: 772 189
Route #53: 872 79 789
Route #54: 815 74
Route #55: 894 167
Route #56: 72 360 752
Route #57: 865 571 492 71
Route #58: 172 154
Route #59: 776 424 837 209 864 331 479 339 843 592 295
Route #60: 35 538 821 690 596 768 247 327 862
Route #61: 363 458 143
Route #62: 705 898 117 726 365 556 769
Route #63: 281 333 831 354 773 362 185
Route #64: 140 188
Route #65: 199
Route #66: 374 563 663 245 814 112 473 806 617 852
Route #67: 21 36 417
Route #68: 120
Route #69: 198 662 65 905
Route #70: 100 300 708 893 561 530 485 880
Route #71: 731 131 511 892
Route #72: 75 358 704 913 614
Route #73: 155 179
Route #74: 569 687 760 229 144 790 807 787 925 565 228
Route #75: 221
Route #76: 194 45 317
Route #77: 495 407 535 555 141 520 550 513 707 402 890
Route #78: 251 522 430 24 125 282 695
Route #79: 934 322 477 386 782 884 111 635 257 560 741 439
Route #80: 502 335 217 710 347 828 700 851 649 682
Route #81: 187 114
Route #82: 134 598 665 345
Route #83: 387 562 553 176 267 816 574 404 845
Route #84: 489 85 52
Route #85: 10 546 630
Route #86: 105
Route #87: 186 786 421
Route #88: 733 123
Route #89: 212
Route #90: 92 175
Route #91: 276 107
Route #92: 356 921 718 104 241 491 311 480
Route #93: 136 703 608 95
Route #94: 587 476 653 525 263 289 170 346 262 777 928 308 543
Route #95: 44
Route #96: 56 676
Route #97: 792 678 54 451
Route #98: 375 666 398 585 774 583 929 675 126 882 623 833 252
Route #99: 870 273 784 515 567 293 15 616 487 743
Route #100: 113 517 214
Route #101: 182
Route #102: 728 586 609 557 859 877 712 403 130 802
Route #103: 799 7 381 829 286
Route #104: 519 622 667 1 813 429 406 680 808 683 420
Route #105: 460 866 280 285 181 124
Route #106: 369 904 589 454 737 435 87 405 494 547 350 871
Route #107: 48 361 180 932 268
Route #108: 885 250 419 781 3 329 650
Route #109: 533 415 715 184 840 603 677 657
Route #110: 640 694 671 108 798 924 554 575 785
Route #111: 279 97 775
Route #112: 613 395 165 861 304
Route #113: 219
Route #114: 875 724 248 399 606 320 324 6 841 645 314 382 661 316 746 284
Route #115: 309 903 148 626
Route #116: 353 722 160 342 389 205 869
Route #117: 838 201
Route #118: 132
Route #119: 860 456 58 29 646
Route #120: 82 390 759
Route #121: 388 620 817 5 732 396 359
Route #122: 88 659 542 310 312 527
Route #123: 453 881 804 90 521 763 920 540
Route #124: 46 11
Route #125: 933 767 84 64
Route #126: 611 271 914 77 601
Route #127: 443 17 208
Route #128: 437 225 67 303
Route #129: 220 8
Route #130: 618 745 157 465
Route #131: 254 445 153 292 577 528
Route #132: 588 25 246
Route #133: 692 344 94
Route #134: 509 753 349 53 850 440 771 391
Route #135: 834 211 642 564 604
Route #136: 735 22 472 750 288 891 296 351 918
Route #137: 688 203 137 637 605 919 518 231
Route #138: 370 670 734 879 68 641
Route #139: 830 110 926 204 590
Route #140: 482 50 195 658
Route #141: 103
Route #142: 788 325 548 856 236 401 570 796 755 464 915 428 76 230
Route #143: 70 118 343
Route #144: 897 12 698 98 674 689
Route #145: 196 129
Route #146: 55 507 912 615
Route #147: 459 191
Route #148: 101
Route #149: 794 37
Route #150: 702 469 409 524 858 888 119 240 384 274 836 744 493 696 593
Route #151: 505 337 909 60 178 385
Route #152: 447 206 795
Route #153: 49
Route #154: 215 908
Route #155: 238 762 115 294 822 935 801 701 488
Route #156: 164 539 573 218 441
Route #157: 826 355 483 681 290 668 173 824 393 579
Route #158: 59 889
Route #159: 174 313 259
Route #160: 287 413 51 887 233 706 779
Route #161: 367 711 91 481 568 146 809 438
Route #162: 478 397 162 754 373 334 719 612 610 899 633
Route #163: 842 780 900 138 578 426 503
Route #164: 736 686 297 751 66 239 849
Route #165: 283 368 475 594 684 854 679 739 484 566 216 299 878 265 266 740 629 764
Route #166: 907 13 720 371 758 625 512 307
Route #167: 408 168 47 537
Route #168: 725 448 713 832 523 693 2 673 916
Route #169: 28 305
Route #170: 200 261 352 927 660 306 930 422
Route #171: 496 778 444 414 647 873 135 748 318 765 392
Route #172: 886 260 699 624 747 394 190 797 504 498 450 232 584
Route #173: 839 159 730 348 582 264 431 644 602 400
Route #174: 532 599 423 330 277 558 235 697 783 576 86 412 466 471 275
Route #175: 714 156 133
Route #176: 193
Cost: 141798
